459
275
443
70
967
747
643
169
172
418
376
627
425
288
570
122
177
547
753
704
677
994
791
15
903
58
164
550
882
711
105
39
341
257
4
657
22
656
114
529
851
821
34
529
331
830
110
610
884
173
925
971
293
127
980
581
547
364
931
410
330
360
539
826
441
389
645
682
128
730
694
689
317
444
598
128
89
919
272
534
570
168
92
237
641
571
816
380
60
109
957
490
942
189
806
660
442
476
155
771
631
173
147
637
485
394
288
854
958
53
716
571
519
472
658
370
461
194
712
97
93
303
608
298
636
226
757
240
829
425
290
474
193
998
886
664
256
797
12
750
437
534
159
380
248
305
771
839
286
833
446
64
619
671
198
319
655
316
436
316
885
226
797
281
904
0
650
911
113
304
573
324
388
102
100
710
289
199
538
895
206
979
224
924
457
577
179
4
890
38
855
498
551
202
858
30
50
551
451
910
77
366
529
276
878
968
919
669
669
830
333
454
770
13
146
634
459
849
885
36
771
301
403
678
279
925
539
652
650
144
494
840
184
189
330
451
695
640
53
692
729
105
374
776
702
226
847
14
151
915
822
677
853
692
763
237
784
942
429
63
515
638
765
138
781
791
636
555
994
267
888
440
560
758
345
305
454
687
738
579
614
187
108
307
220
783
948
203
758
922
580
532
403
966
606
112
944
641
509
698
149
476
262
501
911
23
348
197
934
598
10
334
358
925
280
232
996
267
841
668
294
558
571
109
13
427
485
613
894
920
415
155
83
904
859
742
177
993
361
177
659
446
40
139
795
180
313
401
608
564
725
987
676
476
55
728
564
313
564
254
107
534
935
954
512
346
449
696
859
944
678
616
375
336
170
333
625
814
2
675
166
796
455
348
475
729
548
8
222
13
425
255
666
176
761
579
24
6
670
999
584
985
269
238
335
835
291
457
778
517
198
57
289
945
600
829
959
641
814
728
558
627
928
315
255
425
505
843
63
129
357
174
877
494
826
511
56
880
623
835
749
39
426
839
349
479
526
648
509
656
145
775
640
453
171
119
95
191
746
340
641
854
475
514
677
123
259
255
4
901
427
350
404
118
746
889
574
289
348
26
513
770
880
742
736
545
600
974
222
365
537
964
714
922
67
134
845
830
282
586
312
181
954
567
427
87
241
427
800
979
799
350
638
611
585
850
586
763
74
974
359
943
314
702
398
64
337
72
289
930
876
781
9
197
576
929
135
550
53
73
735
586
625
665
105
990
942
688
418
190
101
104
431
768
633
381
569
964
161
74
316
595
597
178
793
264
506
882
84
767
200
88
40
817
264
695
685
865
531
907
404
478
150
659
665
853
2
928
231
723
319
208
850
388
697
247
518
211
747
491
941
190
487
291
45
76
495
131
647
710
806
934
564
592
640
409
746
803
904
744
804
240
864
335
336
282
691
95
970
713
175
515
502
55
198
470
459
136
387
755
667
419
297
511
294
959
495
135
206
572
328
850
477
752
967
339
506
842
848
734
251
246
18
612
324
405
280
173
542
761
279
576
499
90
601
538
694
208
320
105
343
37
358
131
52
934
385
168
75
830
68
552
971
999
704
483
555
318
267
524
138
921
815
649
678
456
258
169
928
238
301
962
76
842
934
646
174
454
865
801
8
563
331
130
120
271
998
323
974
60
977
535
660
782
903
712
686
609
520
914
736
469
684
327
31
703
307
871
919
853
170
803
764
701
241
22
325
907
136
610
826
229
774
443
982
940
484
801
735
193
830
103
866
258
913
635
220
48
91
818
468
462
995
913
60
416
841
74
373
29
376
977
26
763
792
242
405
766
168
346
614
716
729
662
363
712
46
803
240
113
224
451
87
358
837
337
555
240
472
457
614
868
796
247
811
811
706
378
358
840
394
869
191
510
469
770
589
324
201
131
415
317
70
206
85
704
70
844
222
713
786
999
651
714
367
838
592
194
239
206
571
135
387
942
821
627
350
951
829
73
261
326
932
450
675
104
947
16
841
337
880
751
731
16
640
379
221
387
366
290
220
906
353
158
297
635
284
326
880
225
495
331
559
769
979
891
425
204
971
283
123
386
246
645
526
249
825
195
91
937
88
175
605
947
685
162
711
854
513
93
246
573
968
775
177
248
58
771
302
357
43
301
934
252
835
321
552
300
953
103
803
149
435
959
109
923
297
998
945
355
200
354
669
461
762
392
689
935
754
47
588
770
477
512
952
106
748
853
453
535
414
579
84
731
643
237
161
896
395
166
652
887
196
675
9
447
610
555
291
481
